[108  43 208]
[ 98  55 191]
[106  49 193]
[105  45 198]
[105  39 203]
[116  32 185]
[108  51 109]
[ 93  32 193]
[104  38 197]
[105  40 199]
[105  48 200]
[107  50 198]
[103  46 199]
[109  46 203]
[107  52 206]
[105  53 204]
[105  48 201]
[105  52 206]
[108  36 186]
[107  50 200]
[106  53 240]
[104  57 239]
[104  54 252]
[103  53 248]
[125  14 217]
[104  50 223]
[108  49 240]
[104  47 238]
[106  51 242]
[109  51 249]
[104  44 255]
[103  43 252]
[106  89  80]
[103  46 252]
[113  38 241]
[108  36 245]
[103  45 255]
[105  45 255]
[104  44 255]
[105  46 254]
[106  46 244]
[106  43 240]
[107  44 242]
[107  48 244]
[101  47 243]
[106  45 249]
[106  45 248]
[106  42 242]
[106  42 242]
[106  45 248]
[107  48 246]
