[ 20 135 166]
[ 18 134 169]
[ 27 113 117]
[ 19 127 165]
[ 18 132 168]
[ 20 147 165]
[ 20 139 158]
[ 18 134 166]
[ 19 124 164]
[ 18 131 148]
[ 19 137 173]
[ 21 137 167]
[ 18 131 173]
[ 20 134 171]
[ 20 136 186]
[ 18 127 183]
[ 18 117 186]
[ 18 117 189]
[ 18 120 192]
[ 17 120 183]
[ 19  91 193]
[ 19 101 180]
[ 18 108 200]
[ 16 108 199]
[ 18 105 195]
[ 16 101 194]
[ 19 116 195]
[ 19 106 197]
[ 18 107 229]
[ 19 111 226]
[ 18 111 230]
[ 18 109 229]
[ 17 111 225]
[ 19 114 219]
[ 18 117 223]
[ 19 121 220]
[ 19 120 221]
[ 16 111 223]
[ 18 105 244]
[ 18 108 246]
[ 18 103 248]
[ 18 104 249]
[ 18 103 248]
[ 19 107 243]
[ 18 102 244]
[14 77 56]
[ 19  98 243]
